56.0
54.333333333333336
32.0
54.0
69.33333333333333
63.0
65.0
79.66666666666667
64.33333333333333
52.0
55.333333333333336
51.0
54.333333333333336
72.33333333333333
46.666666666666664
47.666666666666664
67.33333333333333
72.66666666666667
78.0
44.0
76.0
55.333333333333336
55.0
61.666666666666664
62.0
61.333333333333336
64.66666666666667
58.666666666666664
64.66666666666667
72.66666666666667
69.66666666666667
64.66666666666667
40.666666666666664
78.0
71.33333333333333
59.0
82.66666666666667
54.333333333333336
74.66666666666667
48.666666666666664
72.66666666666667
76.33333333333333
53.333333333333336
57.0
52.333333333333336
76.0
56.666666666666664
71.66666666666667
69.0
79.33333333333333
72.66666666666667
74.0
85.33333333333333
56.333333333333336
55.0
46.0
51.666666666666664
61.666666666666664
48.666666666666664
54.333333333333336
38.666666666666664
73.66666666666667
58.333333333333336
52.333333333333336
56.0
60.0
71.66666666666667
48.0
84.66666666666667
72.33333333333333
74.66666666666667
83.66666666666667
62.06944444444444 62.94444444444444 62.43055555555556